M120: -0.06298 ± 0.0140630
M125: -0.05963 ± nan
M130: -0.06587 ± 0.0158970
