M120: -0.10362, -0.0015572, 0.0071462, 0.0013769
M125: -0.10362, 0.0499600, 0.0071462, 0.0000000
M130: -0.10362, -0.0025780, 0.0071462, 0.0015936
