M120: -0.07470, -0.0008000, 0.0046070, 0.0008878
M125: -0.07470, 0.0499600, 0.0046070, 0.0000000
M130: -0.07470, -0.0015815, 0.0046070, 0.0010355
