M120: -0.03739, -0.0005836, 0.0046127, 0.0008913
M125: -0.03739, 0.0499600, 0.0046127, 0.0000000
M130: -0.03739, -0.0009029, 0.0046127, 0.0010371
