M120: -0.08815, -0.0016234, 0.0095584, 0.0018439
M125: -0.08815, 0.0499600, 0.0095584, 0.0000000
M130: -0.08815, -0.0030852, 0.0095584, 0.0021813
