M120: -0.04499, -0.0013736, 0.0048185, 0.0009266
M125: -0.04499, 0.0499600, 0.0048185, 0.0000000
M130: -0.04499, -0.0009929, 0.0048185, 0.0010768
