M120: -0.14599, -0.0025835, 0.0123705, nan
M125: -0.14599, 0.0499600, 0.0123705, 0.0000000
M130: -0.14599, -0.0049825, 0.0123705, 0.0028070
