M120: -0.05939, -0.0007807, 0.0067383, 0.0012993
M125: -0.05939, 0.0499600, 0.0067383, 0.0000000
M130: -0.05939, -0.0012774, 0.0067383, 0.0015072
