M120: -0.00679, -0.0001185, 0.0105121, 0.0022127
M125: -0.00679, 0.0499600, 0.0105121, 0.0000000
M130: -0.00679, -0.0001680, 0.0105121, 0.0024973
