M120: -0.04394, -0.0002311, 0.0055835, 0.0011305
M125: -0.04394, 0.0499692, 0.0055835, 0.0000000
M130: -0.04394, -0.0010766, 0.0055835, 0.0013108
